;Cantidad de clientes conectados al servidor
max_simultaneous_clients = 4

;Tiempo de vida de los clientes en segundos
client_lifetime = 20

;Ruta script de random generator
random_script_location = 03_random/random_generator.sh

;Modo de generacion de datos: 0 = Random, 1 = I2C MPU6050
producer_mode = 1

;Ventana del filtro FIR (min = 1, max = 250)
fir_window_length = 10

;Parametros del filtro
filter_coeffs_0 = -0.0505039975352055
filter_coeffs_1 = -0.0306966579069642
filter_coeffs_2 = 0.032755267424969
filter_coeffs_3 = 0.146419716433817
filter_coeffs_4 = 0.25852772232821
filter_coeffs_5 = 0.3054402509581
filter_coeffs_6 = 0.25852772232821
filter_coeffs_7 = 0.146419716433817
filter_coeffs_8 = 0.032755267424969
filter_coeffs_9 = -0.0306966579069642 
;-0.0505039975352055